%!PS-Adobe-3.0 EPSF-3.0
%%Creator: cairo 1.14.2 (http://cairographics.org)
%%CreationDate: Mon Jan 29 08:57:43 2018
%%Pages: 1
%%DocumentData: Clean7Bit
%%LanguageLevel: 2
%%BoundingBox: 13 -1 224 238
%%EndComments
%%BeginProlog
save
50 dict begin
/q { gsave } bind def
/Q { grestore } bind def
/cm { 6 array astore concat } bind def
/w { setlinewidth } bind def
/J { setlinecap } bind def
/j { setlinejoin } bind def
/M { setmiterlimit } bind def
/d { setdash } bind def
/m { moveto } bind def
/l { lineto } bind def
/c { curveto } bind def
/h { closepath } bind def
/re { exch dup neg 3 1 roll 5 3 roll moveto 0 rlineto
      0 exch rlineto 0 rlineto closepath } bind def
/S { stroke } bind def
/f { fill } bind def
/f* { eofill } bind def
/n { newpath } bind def
/W { clip } bind def
/W* { eoclip } bind def
/BT { } bind def
/ET { } bind def
/pdfmark where { pop globaldict /?pdfmark /exec load put }
    { globaldict begin /?pdfmark /pop load def /pdfmark
    /cleartomark load def end } ifelse
/BDC { mark 3 1 roll /BDC pdfmark } bind def
/EMC { mark /EMC pdfmark } bind def
/cairo_store_point { /cairo_point_y exch def /cairo_point_x exch def } def
/Tj { show currentpoint cairo_store_point } bind def
/TJ {
  {
    dup
    type /stringtype eq
    { show } { -0.001 mul 0 cairo_font_matrix dtransform rmoveto } ifelse
  } forall
  currentpoint cairo_store_point
} bind def
/cairo_selectfont { cairo_font_matrix aload pop pop pop 0 0 6 array astore
    cairo_font exch selectfont cairo_point_x cairo_point_y moveto } bind def
/Tf { pop /cairo_font exch def /cairo_font_matrix where
      { pop cairo_selectfont } if } bind def
/Td { matrix translate cairo_font_matrix matrix concatmatrix dup
      /cairo_font_matrix exch def dup 4 get exch 5 get cairo_store_point
      /cairo_font where { pop cairo_selectfont } if } bind def
/Tm { 2 copy 8 2 roll 6 array astore /cairo_font_matrix exch def
      cairo_store_point /cairo_font where { pop cairo_selectfont } if } bind def
/g { setgray } bind def
/rg { setrgbcolor } bind def
/d1 { setcachedevice } bind def
%%EndProlog
%%BeginSetup
%%EndSetup
%%Page: 1 1
%%BeginPageSetup
%%PageBoundingBox: 13 -1 224 238
%%EndPageSetup
q 13 -1 211 239 rectclip q
0.0862745 0.627451 0.521569 rg
185.738 190.658 m 201.539 172.455 209.301 149.193 207.586 125.154 c 204.082
 75.834 160.637 38.56 110.738 42.103 c 102.602 42.681 l 99.676 42.873 96.867
 41.455 95.316 38.959 c 93.754 36.47 93.707 33.322 95.188 30.783 c 103.258
 16.896 l 87.629 18.002 l 68.996 50.712 l 92.035 80.49 l 107.539 79.392 
l 97.789 67.193 l 95.945 64.888 95.531 61.752 96.715 59.056 c 97.898 56.361
 100.484 54.537 103.418 54.33 c 112.125 53.712 l 113.988 53.584 115.836 
53.521 117.668 53.521 c 158.211 53.521 192.547 85.002 195.441 126.048 c 
196.914 146.818 190.188 166.927 176.523 182.681 c 162.852 198.423 143.883
 207.904 123.105 209.369 c 104.609 210.681 86.227 205.337 71.324 194.353
 c 63.957 188.92 57.66 182.271 52.66 174.767 c 47.66 167.263 43.965 158.912
 41.812 150.064 c 41.09 147.087 38.387 145.087 35.434 145.287 c 32.988 145.462
 31.578 146.92 30.957 147.767 c 30.332 148.623 29.363 150.416 29.945 152.826
 c 40.309 195.744 79.852 224.63 123.965 221.521 c 148.012 219.818 169.945
 208.865 185.738 190.658 c h
185.738 190.658 m f
0 g
197.723 201.056 m 216.293 179.646 225.418 152.295 223.41 124.025 c 219.469
 68.537 172.621 26.017 117.281 26.009 c 116.945 26.009 116.629 26.017 116.301
 26.017 c 124.492 11.912 l 125.965 9.377 125.914 6.224 124.363 3.736 c 122.906
 1.4 120.363 0.002 117.637 0.002 c 117.453 0.002 117.266 0.009 117.074 0.017
 c 82.273 2.47 l 79.629 2.666 77.25 4.162 75.938 6.462 c 52.602 47.455 l
 51.02 50.24 51.258 53.705 53.219 56.232 c 82.09 93.545 l 83.707 95.638 
86.273 96.783 88.914 96.607 c 123.723 94.142 l 126.66 93.935 129.242 92.119
 130.426 89.416 c 131.609 86.72 131.195 83.584 129.355 81.287 c 119.867 
69.416 l 151.203 70.529 177.371 95.209 179.629 127.17 c 180.797 143.712 
175.434 159.736 164.547 172.279 c 153.652 184.834 138.539 192.384 121.996
 193.552 c 91.645 195.705 64.402 175.826 57.219 146.31 c 54.668 135.798 
45.035 128.72 34.324 129.47 c 27.867 129.927 21.98 133.185 18.156 138.4 
c 14.332 143.63 13.012 150.248 14.531 156.545 c 20.348 180.638 34.586 202.064
 54.629 216.873 c 74.891 231.849 99.914 239.111 125.082 237.337 c 153.348
 235.345 179.148 222.455 197.723 201.056 c h
207.586 125.154 m 209.301 149.193 201.539 172.455 185.738 190.658 c 169.945
 208.865 148.012 219.818 123.965 221.521 c 79.852 224.63 40.309 195.744 
29.945 152.826 c 29.363 150.416 30.332 148.623 30.957 147.767 c 31.578 146.92
 32.988 145.462 35.434 145.287 c 38.387 145.087 41.09 147.087 41.812 150.064
 c 43.965 158.912 47.66 167.263 52.66 174.767 c 57.66 182.271 63.957 188.92
 71.324 194.353 c 86.227 205.337 104.609 210.681 123.105 209.369 c 143.883
 207.904 162.852 198.423 176.523 182.681 c 190.188 166.927 196.914 146.818
 195.441 126.048 c 192.547 85.002 158.211 53.521 117.668 53.521 c 115.836
 53.521 113.988 53.584 112.125 53.712 c 103.418 54.33 l 100.484 54.537 97.898
 56.361 96.715 59.056 c 95.531 61.752 95.945 64.888 97.789 67.193 c 107.539
 79.392 l 92.035 80.49 l 68.996 50.712 l 87.629 18.002 l 103.258 16.896 
l 95.188 30.783 l 93.707 33.322 93.754 36.47 95.316 38.959 c 96.867 41.455
 99.676 42.873 102.602 42.681 c 110.738 42.103 l 160.637 38.56 204.082 75.834
 207.586 125.154 c h
207.586 125.154 m f
Q Q
showpage
%%Trailer
end restore
%%EOF
